hLList[1] --> (2, 7) --> (3, 6) --> (4, 10) --> (5, 13)
hLList[2] --> (1, 7) --> (3, 7) --> (4, 12) --> (5, 10)
hLList[3] --> (1, 6) --> (2, 7) --> (5, 9)
hLList[4] --> (1, 10) --> (2, 12) --> (5, 30)
hLList[5] --> (1, 13) --> (2, 10) --> (3, 9) --> (4, 30)
Open list after insert startNode
(9999, 0, 0, 0, 0, NULL) --> (1, 5, 0, 50, 50, NULL)
Open List after remove its front node
(9999, 0, 0, 0, 0, NULL)
 --> (1, 5, 0, 50, 50, NULL)
Printing Visted Ary
vistedAry[0] = 0
vistedAry[1] = 0
vistedAry[2] = 0
vistedAry[3] = 0
vistedAry[4] = 0
vistedAry[5] = 0
Close list after insert currentNode
(9999, 0, 0, 0, 0, NULL) --> (1, 5, 0, 50, 50, NULL)
Open List after remove its front node
(9999, 0, 0, 0, 0, NULL) --> (2, 4, 7, 40, 47, 1) --> (4, 4, 10, 40, 50, 1) --> (5, 4, 13, 40, 53, 1)
 --> (3, 4, 6, 40, 46, 1)
Close list after insert currentNode
(9999, 0, 0, 0, 0, NULL) --> (1, 5, 0, 50, 50, NULL) --> (3, 4, 6, 40, 46, 1)
Open List after remove its front node
(9999, 0, 0, 0, 0, NULL) --> (5, 3, 15, 30, 45, 3) --> (2, 4, 7, 40, 47, 1) --> (4, 4, 10, 40, 50, 1) --> (5, 4, 13, 40, 53, 1)
 --> (2, 3, 13, 30, 43, 3)
Close list after insert currentNode
(9999, 0, 0, 0, 0, NULL) --> (1, 5, 0, 50, 50, NULL) --> (2, 3, 13, 30, 43, 3) --> (3, 4, 6, 40, 46, 1)
Open List after remove its front node
(9999, 0, 0, 0, 0, NULL) --> (4, 2, 25, 20, 45, 2) --> (5, 3, 15, 30, 45, 3) --> (2, 4, 7, 40, 47, 1) --> (4, 4, 10, 40, 50, 1) --> (5, 4, 13, 40, 53, 1)
 --> (5, 2, 23, 20, 43, 2)
Close list after insert currentNode
(9999, 0, 0, 0, 0, NULL) --> (1, 5, 0, 50, 50, NULL) --> (2, 3, 13, 30, 43, 3) --> (3, 4, 6, 40, 46, 1) --> (5, 2, 23, 20, 43, 2)
Open List after remove its front node
(9999, 0, 0, 0, 0, NULL) --> (5, 3, 15, 30, 45, 3) --> (2, 4, 7, 40, 47, 1) --> (4, 4, 10, 40, 50, 1) --> (5, 4, 13, 40, 53, 1) --> (4, 1, 53, 10, 63, 5)
 --> (4, 2, 25, 20, 45, 2)
Close list after insert currentNode
(9999, 0, 0, 0, 0, NULL) --> (1, 5, 0, 50, 50, NULL) --> (2, 3, 13, 30, 43, 3) --> (3, 4, 6, 40, 46, 1) --> (4, 2, 25, 20, 45, 2) --> (5, 2, 23, 20, 43, 2)
Open List after remove its front node
(9999, 0, 0, 0, 0, NULL) --> (2, 4, 7, 40, 47, 1) --> (4, 4, 10, 40, 50, 1) --> (5, 4, 13, 40, 53, 1) --> (4, 1, 53, 10, 63, 5) --> (5, 1, 55, 10, 65, 4)
 --> (5, 3, 15, 30, 45, 3)
Close list after insert currentNode
(9999, 0, 0, 0, 0, NULL) --> (1, 5, 0, 50, 50, NULL) --> (2, 3, 13, 30, 43, 3) --> (3, 4, 6, 40, 46, 1) --> (4, 2, 25, 20, 45, 2) --> (5, 3, 15, 30, 45, 3) --> (5, 2, 23, 20, 43, 2)
Open List after remove its front node
(9999, 0, 0, 0, 0, NULL) --> (2, 4, 7, 40, 47, 1) --> (4, 4, 10, 40, 50, 1) --> (5, 4, 13, 40, 53, 1) --> (4, 1, 53, 10, 63, 5) --> (4, 2, 45, 20, 65, 5) --> (5, 1, 55, 10, 65, 4)
 --> (2, 2, 25, 20, 45, 5)
Close list after insert currentNode
(9999, 0, 0, 0, 0, NULL) --> (1, 5, 0, 50, 50, NULL) --> (2, 2, 25, 20, 45, 5) --> (2, 3, 13, 30, 43, 3) --> (3, 4, 6, 40, 46, 1) --> (4, 2, 25, 20, 45, 2) --> (5, 3, 15, 30, 45, 3) --> (5, 2, 23, 20, 43, 2)
Open List after remove its front node
(9999, 0, 0, 0, 0, NULL) --> (2, 4, 7, 40, 47, 1) --> (4, 4, 10, 40, 50, 1) --> (5, 4, 13, 40, 53, 1) --> (4, 1, 53, 10, 63, 5) --> (4, 2, 45, 20, 65, 5) --> (5, 1, 55, 10, 65, 4)
 --> (4, 1, 37, 10, 47, 2)
Close list after insert currentNode
(9999, 0, 0, 0, 0, NULL) --> (1, 5, 0, 50, 50, NULL) --> (2, 2, 25, 20, 45, 5) --> (2, 3, 13, 30, 43, 3) --> (3, 4, 6, 40, 46, 1) --> (4, 1, 37, 10, 47, 2) --> (4, 2, 25, 20, 45, 2) --> (5, 3, 15, 30, 45, 3) --> (5, 2, 23, 20, 43, 2)
Open List after remove its front node
(9999, 0, 0, 0, 0, NULL) --> (2, 4, 7, 40, 47, 1) --> (4, 4, 10, 40, 50, 1) --> (5, 4, 13, 40, 53, 1) --> (4, 1, 53, 10, 63, 5) --> (4, 2, 45, 20, 65, 5) --> (5, 1, 55, 10, 65, 4)
 --> (1, 0, 47, 0, 47, 4)
Printing Visted Ary
vistedAry[0] = 0
vistedAry[1] = 1
vistedAry[2] = 1
vistedAry[3] = 1
vistedAry[4] = 1
vistedAry[5] = 1
Close list after insert currentNode
(9999, 0, 0, 0, 0, NULL) --> (1, 0, 47, 0, 47, 4) --> (1, 5, 0, 50, 50, NULL) --> (2, 2, 25, 20, 45, 5) --> (2, 3, 13, 30, 43, 3) --> (3, 4, 6, 40, 46, 1) --> (4, 1, 37, 10, 47, 2) --> (4, 2, 25, 20, 45, 2) --> (5, 3, 15, 30, 45, 3)
Open list after insert startNode
(9999, 0, 0, 0, 0, NULL) --> (2, 5, 0, 50, 50, NULL)
Open List after remove its front node
(9999, 0, 0, 0, 0, NULL)
 --> (2, 5, 0, 50, 50, NULL)
Printing Visted Ary
vistedAry[0] = 0
vistedAry[1] = 0
vistedAry[2] = 0
vistedAry[3] = 0
vistedAry[4] = 0
vistedAry[5] = 0
Close list after insert currentNode
(9999, 0, 0, 0, 0, NULL) --> (2, 5, 0, 50, 50, NULL)
Open List after remove its front node
(9999, 0, 0, 0, 0, NULL) --> (1, 4, 7, 40, 47, 2) --> (5, 4, 10, 40, 50, 2) --> (4, 4, 12, 40, 52, 2)
 --> (3, 4, 7, 40, 47, 2)
Close list after insert currentNode
(9999, 0, 0, 0, 0, NULL) --> (2, 5, 0, 50, 50, NULL) --> (3, 4, 7, 40, 47, 2)
Open List after remove its front node
(9999, 0, 0, 0, 0, NULL) --> (5, 3, 16, 30, 46, 3) --> (1, 4, 7, 40, 47, 2) --> (5, 4, 10, 40, 50, 2) --> (4, 4, 12, 40, 52, 2)
 --> (1, 3, 13, 30, 43, 3)
Close list after insert currentNode
(9999, 0, 0, 0, 0, NULL) --> (1, 3, 13, 30, 43, 3) --> (2, 5, 0, 50, 50, NULL) --> (3, 4, 7, 40, 47, 2)
Open List after remove its front node
(9999, 0, 0, 0, 0, NULL) --> (5, 2, 26, 20, 46, 1) --> (5, 3, 16, 30, 46, 3) --> (1, 4, 7, 40, 47, 2) --> (5, 4, 10, 40, 50, 2) --> (4, 4, 12, 40, 52, 2)
 --> (4, 2, 23, 20, 43, 1)
Close list after insert currentNode
(9999, 0, 0, 0, 0, NULL) --> (1, 3, 13, 30, 43, 3) --> (2, 5, 0, 50, 50, NULL) --> (3, 4, 7, 40, 47, 2) --> (4, 2, 23, 20, 43, 1)
Open List after remove its front node
(9999, 0, 0, 0, 0, NULL) --> (5, 3, 16, 30, 46, 3) --> (1, 4, 7, 40, 47, 2) --> (5, 4, 10, 40, 50, 2) --> (4, 4, 12, 40, 52, 2) --> (5, 1, 53, 10, 63, 4)
 --> (5, 2, 26, 20, 46, 1)
Close list after insert currentNode
(9999, 0, 0, 0, 0, NULL) --> (1, 3, 13, 30, 43, 3) --> (2, 5, 0, 50, 50, NULL) --> (3, 4, 7, 40, 47, 2) --> (4, 2, 23, 20, 43, 1) --> (5, 2, 26, 20, 46, 1)
Open List after remove its front node
(9999, 0, 0, 0, 0, NULL) --> (1, 4, 7, 40, 47, 2) --> (5, 4, 10, 40, 50, 2) --> (4, 4, 12, 40, 52, 2) --> (5, 1, 53, 10, 63, 4) --> (4, 1, 56, 10, 66, 5)
 --> (5, 3, 16, 30, 46, 3)
Close list after insert currentNode
(9999, 0, 0, 0, 0, NULL) --> (1, 3, 13, 30, 43, 3) --> (2, 5, 0, 50, 50, NULL) --> (3, 4, 7, 40, 47, 2) --> (4, 2, 23, 20, 43, 1) --> (5, 3, 16, 30, 46, 3) --> (5, 2, 26, 20, 46, 1)
Open List after remove its front node
(9999, 0, 0, 0, 0, NULL) --> (1, 2, 29, 20, 49, 5) --> (5, 4, 10, 40, 50, 2) --> (4, 4, 12, 40, 52, 2) --> (5, 1, 53, 10, 63, 4) --> (4, 2, 46, 20, 66, 5) --> (4, 1, 56, 10, 66, 5)
 --> (1, 4, 7, 40, 47, 2)
Close list after insert currentNode
(9999, 0, 0, 0, 0, NULL) --> (1, 4, 7, 40, 47, 2) --> (1, 3, 13, 30, 43, 3) --> (2, 5, 0, 50, 50, NULL) --> (3, 4, 7, 40, 47, 2) --> (4, 2, 23, 20, 43, 1) --> (5, 3, 16, 30, 46, 3) --> (5, 2, 26, 20, 46, 1)
Open List after remove its front node
(9999, 0, 0, 0, 0, NULL) --> (4, 3, 17, 30, 47, 1) --> (1, 2, 29, 20, 49, 5) --> (5, 3, 20, 30, 50, 1) --> (5, 4, 10, 40, 50, 2) --> (4, 4, 12, 40, 52, 2) --> (5, 1, 53, 10, 63, 4) --> (4, 2, 46, 20, 66, 5) --> (4, 1, 56, 10, 66, 5)
 --> (3, 3, 13, 30, 43, 1)
Close list after insert currentNode
(9999, 0, 0, 0, 0, NULL) --> (1, 4, 7, 40, 47, 2) --> (1, 3, 13, 30, 43, 3) --> (2, 5, 0, 50, 50, NULL) --> (3, 3, 13, 30, 43, 1) --> (3, 4, 7, 40, 47, 2) --> (4, 2, 23, 20, 43, 1) --> (5, 3, 16, 30, 46, 3) --> (5, 2, 26, 20, 46, 1)
Open List after remove its front node
(9999, 0, 0, 0, 0, NULL) --> (4, 3, 17, 30, 47, 1) --> (1, 2, 29, 20, 49, 5) --> (5, 3, 20, 30, 50, 1) --> (5, 4, 10, 40, 50, 2) --> (4, 4, 12, 40, 52, 2) --> (5, 1, 53, 10, 63, 4) --> (4, 2, 46, 20, 66, 5) --> (4, 1, 56, 10, 66, 5)
 --> (5, 2, 22, 20, 42, 3)
Close list after insert currentNode
(9999, 0, 0, 0, 0, NULL) --> (1, 4, 7, 40, 47, 2) --> (1, 3, 13, 30, 43, 3) --> (2, 5, 0, 50, 50, NULL) --> (3, 3, 13, 30, 43, 1) --> (3, 4, 7, 40, 47, 2) --> (4, 2, 23, 20, 43, 1) --> (5, 2, 22, 20, 42, 3) --> (5, 3, 16, 30, 46, 3)
Open List after remove its front node
(9999, 0, 0, 0, 0, NULL) --> (1, 2, 29, 20, 49, 5) --> (5, 3, 20, 30, 50, 1) --> (5, 4, 10, 40, 50, 2) --> (4, 4, 12, 40, 52, 2) --> (4, 1, 52, 10, 62, 5) --> (5, 1, 53, 10, 63, 4) --> (4, 2, 46, 20, 66, 5) --> (4, 1, 56, 10, 66, 5)
 --> (4, 3, 17, 30, 47, 1)
Close list after insert currentNode
(9999, 0, 0, 0, 0, NULL) --> (1, 4, 7, 40, 47, 2) --> (1, 3, 13, 30, 43, 3) --> (2, 5, 0, 50, 50, NULL) --> (3, 3, 13, 30, 43, 1) --> (3, 4, 7, 40, 47, 2) --> (4, 3, 17, 30, 47, 1) --> (4, 2, 23, 20, 43, 1) --> (5, 2, 22, 20, 42, 3)
Open List after remove its front node
(9999, 0, 0, 0, 0, NULL) --> (5, 3, 20, 30, 50, 1) --> (5, 4, 10, 40, 50, 2) --> (4, 4, 12, 40, 52, 2) --> (4, 1, 52, 10, 62, 5) --> (5, 1, 53, 10, 63, 4) --> (4, 2, 46, 20, 66, 5) --> (4, 1, 56, 10, 66, 5) --> (5, 2, 47, 20, 67, 4)
 --> (1, 2, 29, 20, 49, 5)
Close list after insert currentNode
(9999, 0, 0, 0, 0, NULL) --> (1, 2, 29, 20, 49, 5) --> (1, 4, 7, 40, 47, 2) --> (1, 3, 13, 30, 43, 3) --> (2, 5, 0, 50, 50, NULL) --> (3, 3, 13, 30, 43, 1) --> (3, 4, 7, 40, 47, 2) --> (4, 3, 17, 30, 47, 1) --> (4, 2, 23, 20, 43, 1)
Open List after remove its front node
(9999, 0, 0, 0, 0, NULL) --> (5, 3, 20, 30, 50, 1) --> (5, 4, 10, 40, 50, 2) --> (4, 4, 12, 40, 52, 2) --> (4, 1, 52, 10, 62, 5) --> (5, 1, 53, 10, 63, 4) --> (4, 2, 46, 20, 66, 5) --> (4, 1, 56, 10, 66, 5) --> (5, 2, 47, 20, 67, 4)
 --> (4, 1, 39, 10, 49, 1)
Close list after insert currentNode
(9999, 0, 0, 0, 0, NULL) --> (1, 2, 29, 20, 49, 5) --> (1, 4, 7, 40, 47, 2) --> (1, 3, 13, 30, 43, 3) --> (2, 5, 0, 50, 50, NULL) --> (3, 3, 13, 30, 43, 1) --> (3, 4, 7, 40, 47, 2) --> (4, 1, 39, 10, 49, 1) --> (4, 3, 17, 30, 47, 1)
Open List after remove its front node
(9999, 0, 0, 0, 0, NULL) --> (5, 4, 10, 40, 50, 2) --> (2, 0, 51, 0, 51, 4) --> (4, 4, 12, 40, 52, 2) --> (4, 1, 52, 10, 62, 5) --> (5, 1, 53, 10, 63, 4) --> (4, 2, 46, 20, 66, 5) --> (4, 1, 56, 10, 66, 5) --> (5, 2, 47, 20, 67, 4)
 --> (5, 3, 20, 30, 50, 1)
Close list after insert currentNode
(9999, 0, 0, 0, 0, NULL) --> (1, 2, 29, 20, 49, 5) --> (1, 4, 7, 40, 47, 2) --> (1, 3, 13, 30, 43, 3) --> (2, 5, 0, 50, 50, NULL) --> (3, 3, 13, 30, 43, 1) --> (3, 4, 7, 40, 47, 2) --> (4, 1, 39, 10, 49, 1) --> (4, 3, 17, 30, 47, 1)
Open List after remove its front node
(9999, 0, 0, 0, 0, NULL) --> (5, 4, 10, 40, 50, 2) --> (2, 0, 51, 0, 51, 4) --> (4, 4, 12, 40, 52, 2) --> (4, 1, 52, 10, 62, 5) --> (5, 1, 53, 10, 63, 4) --> (4, 2, 46, 20, 66, 5) --> (4, 1, 56, 10, 66, 5) --> (5, 2, 47, 20, 67, 4)
 --> (3, 2, 29, 20, 49, 5)
Close list after insert currentNode
(9999, 0, 0, 0, 0, NULL) --> (1, 2, 29, 20, 49, 5) --> (1, 4, 7, 40, 47, 2) --> (1, 3, 13, 30, 43, 3) --> (2, 5, 0, 50, 50, NULL) --> (3, 2, 29, 20, 49, 5) --> (3, 3, 13, 30, 43, 1) --> (3, 4, 7, 40, 47, 2) --> (4, 1, 39, 10, 49, 1)
Open List after remove its front node
(9999, 0, 0, 0, 0, NULL) --> (2, 0, 51, 0, 51, 4) --> (4, 4, 12, 40, 52, 2) --> (4, 1, 52, 10, 62, 5) --> (5, 1, 53, 10, 63, 4) --> (4, 2, 46, 20, 66, 5) --> (4, 1, 56, 10, 66, 5) --> (5, 2, 47, 20, 67, 4) --> (4, 2, 50, 20, 70, 5)
 --> (5, 4, 10, 40, 50, 2)
Close list after insert currentNode
(9999, 0, 0, 0, 0, NULL) --> (1, 2, 29, 20, 49, 5) --> (1, 4, 7, 40, 47, 2) --> (1, 3, 13, 30, 43, 3) --> (2, 5, 0, 50, 50, NULL) --> (3, 2, 29, 20, 49, 5) --> (3, 3, 13, 30, 43, 1) --> (3, 4, 7, 40, 47, 2) --> (4, 1, 39, 10, 49, 1)
Open List after remove its front node
(9999, 0, 0, 0, 0, NULL) --> (2, 0, 51, 0, 51, 4) --> (4, 4, 12, 40, 52, 2) --> (1, 3, 23, 30, 53, 5) --> (4, 1, 52, 10, 62, 5) --> (5, 1, 53, 10, 63, 4) --> (4, 2, 46, 20, 66, 5) --> (4, 1, 56, 10, 66, 5) --> (5, 2, 47, 20, 67, 4)
 --> (3, 3, 19, 30, 49, 5)
Close list after insert currentNode
(9999, 0, 0, 0, 0, NULL) --> (1, 2, 29, 20, 49, 5) --> (1, 4, 7, 40, 47, 2) --> (1, 3, 13, 30, 43, 3) --> (2, 5, 0, 50, 50, NULL) --> (3, 3, 19, 30, 49, 5) --> (3, 2, 29, 20, 49, 5) --> (3, 3, 13, 30, 43, 1) --> (3, 4, 7, 40, 47, 2)
Open List after remove its front node
(9999, 0, 0, 0, 0, NULL) --> (2, 0, 51, 0, 51, 4) --> (4, 4, 12, 40, 52, 2) --> (1, 3, 23, 30, 53, 5) --> (4, 1, 52, 10, 62, 5) --> (5, 1, 53, 10, 63, 4) --> (4, 2, 46, 20, 66, 5) --> (4, 1, 56, 10, 66, 5) --> (5, 2, 47, 20, 67, 4)
 --> (1, 2, 25, 20, 45, 3)
Close list after insert currentNode
(9999, 0, 0, 0, 0, NULL) --> (1, 2, 25, 20, 45, 3) --> (1, 2, 29, 20, 49, 5) --> (1, 4, 7, 40, 47, 2) --> (1, 3, 13, 30, 43, 3) --> (2, 5, 0, 50, 50, NULL) --> (3, 3, 19, 30, 49, 5) --> (3, 2, 29, 20, 49, 5) --> (3, 3, 13, 30, 43, 1)
Open List after remove its front node
(9999, 0, 0, 0, 0, NULL) --> (2, 0, 51, 0, 51, 4) --> (4, 4, 12, 40, 52, 2) --> (1, 3, 23, 30, 53, 5) --> (4, 1, 52, 10, 62, 5) --> (5, 1, 53, 10, 63, 4) --> (4, 2, 46, 20, 66, 5) --> (4, 1, 56, 10, 66, 5) --> (5, 2, 47, 20, 67, 4)
 --> (4, 1, 35, 10, 45, 1)
Close list after insert currentNode
(9999, 0, 0, 0, 0, NULL) --> (1, 2, 25, 20, 45, 3) --> (1, 2, 29, 20, 49, 5) --> (1, 4, 7, 40, 47, 2) --> (1, 3, 13, 30, 43, 3) --> (2, 5, 0, 50, 50, NULL) --> (3, 3, 19, 30, 49, 5) --> (3, 2, 29, 20, 49, 5) --> (3, 3, 13, 30, 43, 1)
Open List after remove its front node
(9999, 0, 0, 0, 0, NULL) --> (2, 0, 51, 0, 51, 4) --> (4, 4, 12, 40, 52, 2) --> (1, 3, 23, 30, 53, 5) --> (4, 1, 52, 10, 62, 5) --> (5, 1, 53, 10, 63, 4) --> (4, 2, 46, 20, 66, 5) --> (4, 1, 56, 10, 66, 5) --> (5, 2, 47, 20, 67, 4)
 --> (2, 0, 47, 0, 47, 4)
Printing Visted Ary
vistedAry[0] = 0
vistedAry[1] = 1
vistedAry[2] = 1
vistedAry[3] = 1
vistedAry[4] = 1
vistedAry[5] = 1
Close list after insert currentNode
(9999, 0, 0, 0, 0, NULL) --> (1, 2, 25, 20, 45, 3) --> (1, 2, 29, 20, 49, 5) --> (1, 4, 7, 40, 47, 2) --> (1, 3, 13, 30, 43, 3) --> (2, 0, 47, 0, 47, 4) --> (2, 5, 0, 50, 50, NULL) --> (3, 3, 19, 30, 49, 5) --> (3, 2, 29, 20, 49, 5)
Open list after insert startNode
(9999, 0, 0, 0, 0, NULL) --> (3, 5, 0, 50, 50, NULL)
Open List after remove its front node
(9999, 0, 0, 0, 0, NULL)
 --> (3, 5, 0, 50, 50, NULL)
Printing Visted Ary
vistedAry[0] = 0
vistedAry[1] = 0
vistedAry[2] = 0
vistedAry[3] = 0
vistedAry[4] = 0
vistedAry[5] = 0
Close list after insert currentNode
(9999, 0, 0, 0, 0, NULL) --> (3, 5, 0, 50, 50, NULL)
Open List after remove its front node
(9999, 0, 0, 0, 0, NULL) --> (2, 4, 7, 40, 47, 3) --> (5, 4, 9, 40, 49, 3)
 --> (1, 4, 6, 40, 46, 3)
Close list after insert currentNode
(9999, 0, 0, 0, 0, NULL) --> (1, 4, 6, 40, 46, 3) --> (3, 5, 0, 50, 50, NULL)
Open List after remove its front node
(9999, 0, 0, 0, 0, NULL) --> (4, 3, 16, 30, 46, 1) --> (2, 4, 7, 40, 47, 3) --> (5, 3, 19, 30, 49, 1) --> (5, 4, 9, 40, 49, 3)
 --> (2, 3, 13, 30, 43, 1)
Close list after insert currentNode
(9999, 0, 0, 0, 0, NULL) --> (1, 4, 6, 40, 46, 3) --> (2, 3, 13, 30, 43, 1) --> (3, 5, 0, 50, 50, NULL)
Open List after remove its front node
(9999, 0, 0, 0, 0, NULL) --> (4, 2, 25, 20, 45, 2) --> (4, 3, 16, 30, 46, 1) --> (2, 4, 7, 40, 47, 3) --> (5, 3, 19, 30, 49, 1) --> (5, 4, 9, 40, 49, 3)
 --> (5, 2, 23, 20, 43, 2)
Close list after insert currentNode
(9999, 0, 0, 0, 0, NULL) --> (1, 4, 6, 40, 46, 3) --> (2, 3, 13, 30, 43, 1) --> (3, 5, 0, 50, 50, NULL) --> (5, 2, 23, 20, 43, 2)
Open List after remove its front node
(9999, 0, 0, 0, 0, NULL) --> (4, 3, 16, 30, 46, 1) --> (2, 4, 7, 40, 47, 3) --> (5, 3, 19, 30, 49, 1) --> (5, 4, 9, 40, 49, 3) --> (4, 1, 53, 10, 63, 5)
 --> (4, 2, 25, 20, 45, 2)
Close list after insert currentNode
(9999, 0, 0, 0, 0, NULL) --> (1, 4, 6, 40, 46, 3) --> (2, 3, 13, 30, 43, 1) --> (3, 5, 0, 50, 50, NULL) --> (4, 2, 25, 20, 45, 2) --> (5, 2, 23, 20, 43, 2)
Open List after remove its front node
(9999, 0, 0, 0, 0, NULL) --> (2, 4, 7, 40, 47, 3) --> (5, 3, 19, 30, 49, 1) --> (5, 4, 9, 40, 49, 3) --> (4, 1, 53, 10, 63, 5) --> (5, 1, 55, 10, 65, 4)
 --> (4, 3, 16, 30, 46, 1)
Close list after insert currentNode
(9999, 0, 0, 0, 0, NULL) --> (1, 4, 6, 40, 46, 3) --> (2, 3, 13, 30, 43, 1) --> (3, 5, 0, 50, 50, NULL) --> (4, 3, 16, 30, 46, 1) --> (4, 2, 25, 20, 45, 2) --> (5, 2, 23, 20, 43, 2)
Open List after remove its front node
(9999, 0, 0, 0, 0, NULL) --> (2, 2, 28, 20, 48, 4) --> (5, 3, 19, 30, 49, 1) --> (5, 4, 9, 40, 49, 3) --> (4, 1, 53, 10, 63, 5) --> (5, 1, 55, 10, 65, 4) --> (5, 2, 46, 20, 66, 4)
 --> (2, 4, 7, 40, 47, 3)
Close list after insert currentNode
(9999, 0, 0, 0, 0, NULL) --> (1, 4, 6, 40, 46, 3) --> (2, 4, 7, 40, 47, 3) --> (2, 3, 13, 30, 43, 1) --> (3, 5, 0, 50, 50, NULL) --> (4, 3, 16, 30, 46, 1) --> (4, 2, 25, 20, 45, 2) --> (5, 2, 23, 20, 43, 2)
Open List after remove its front node
(9999, 0, 0, 0, 0, NULL) --> (5, 3, 17, 30, 47, 2) --> (2, 2, 28, 20, 48, 4) --> (4, 3, 19, 30, 49, 2) --> (5, 3, 19, 30, 49, 1) --> (5, 4, 9, 40, 49, 3) --> (4, 1, 53, 10, 63, 5) --> (5, 1, 55, 10, 65, 4) --> (5, 2, 46, 20, 66, 4)
 --> (1, 3, 14, 30, 44, 2)
Close list after insert currentNode
(9999, 0, 0, 0, 0, NULL) --> (1, 3, 14, 30, 44, 2) --> (1, 4, 6, 40, 46, 3) --> (2, 4, 7, 40, 47, 3) --> (2, 3, 13, 30, 43, 1) --> (3, 5, 0, 50, 50, NULL) --> (4, 3, 16, 30, 46, 1) --> (4, 2, 25, 20, 45, 2) --> (5, 2, 23, 20, 43, 2)
Open List after remove its front node
(9999, 0, 0, 0, 0, NULL) --> (5, 2, 27, 20, 47, 1) --> (5, 3, 17, 30, 47, 2) --> (2, 2, 28, 20, 48, 4) --> (4, 3, 19, 30, 49, 2) --> (5, 3, 19, 30, 49, 1) --> (5, 4, 9, 40, 49, 3) --> (4, 1, 53, 10, 63, 5) --> (5, 1, 55, 10, 65, 4)
 --> (4, 2, 24, 20, 44, 1)
Close list after insert currentNode
(9999, 0, 0, 0, 0, NULL) --> (1, 3, 14, 30, 44, 2) --> (1, 4, 6, 40, 46, 3) --> (2, 4, 7, 40, 47, 3) --> (2, 3, 13, 30, 43, 1) --> (3, 5, 0, 50, 50, NULL) --> (4, 2, 24, 20, 44, 1) --> (4, 3, 16, 30, 46, 1) --> (4, 2, 25, 20, 45, 2)
Open List after remove its front node
(9999, 0, 0, 0, 0, NULL) --> (5, 3, 17, 30, 47, 2) --> (2, 2, 28, 20, 48, 4) --> (4, 3, 19, 30, 49, 2) --> (5, 3, 19, 30, 49, 1) --> (5, 4, 9, 40, 49, 3) --> (4, 1, 53, 10, 63, 5) --> (5, 1, 54, 10, 64, 4) --> (5, 1, 55, 10, 65, 4)
 --> (5, 2, 27, 20, 47, 1)
Close list after insert currentNode
(9999, 0, 0, 0, 0, NULL) --> (1, 3, 14, 30, 44, 2) --> (1, 4, 6, 40, 46, 3) --> (2, 4, 7, 40, 47, 3) --> (2, 3, 13, 30, 43, 1) --> (3, 5, 0, 50, 50, NULL) --> (4, 2, 24, 20, 44, 1) --> (4, 3, 16, 30, 46, 1) --> (4, 2, 25, 20, 45, 2)
Open List after remove its front node
(9999, 0, 0, 0, 0, NULL) --> (2, 2, 28, 20, 48, 4) --> (4, 3, 19, 30, 49, 2) --> (5, 3, 19, 30, 49, 1) --> (5, 4, 9, 40, 49, 3) --> (4, 1, 53, 10, 63, 5) --> (5, 1, 54, 10, 64, 4) --> (5, 1, 55, 10, 65, 4) --> (5, 2, 46, 20, 66, 4)
 --> (5, 3, 17, 30, 47, 2)
Close list after insert currentNode
(9999, 0, 0, 0, 0, NULL) --> (1, 3, 14, 30, 44, 2) --> (1, 4, 6, 40, 46, 3) --> (2, 4, 7, 40, 47, 3) --> (2, 3, 13, 30, 43, 1) --> (3, 5, 0, 50, 50, NULL) --> (4, 2, 24, 20, 44, 1) --> (4, 3, 16, 30, 46, 1) --> (4, 2, 25, 20, 45, 2)
Open List after remove its front node
(9999, 0, 0, 0, 0, NULL) --> (4, 3, 19, 30, 49, 2) --> (5, 3, 19, 30, 49, 1) --> (5, 4, 9, 40, 49, 3) --> (1, 2, 30, 20, 50, 5) --> (4, 1, 53, 10, 63, 5) --> (5, 1, 54, 10, 64, 4) --> (5, 1, 55, 10, 65, 4) --> (5, 2, 46, 20, 66, 4)
 --> (2, 2, 28, 20, 48, 4)
Close list after insert currentNode
(9999, 0, 0, 0, 0, NULL) --> (1, 3, 14, 30, 44, 2) --> (1, 4, 6, 40, 46, 3) --> (2, 2, 28, 20, 48, 4) --> (2, 4, 7, 40, 47, 3) --> (2, 3, 13, 30, 43, 1) --> (3, 5, 0, 50, 50, NULL) --> (4, 2, 24, 20, 44, 1) --> (4, 3, 16, 30, 46, 1)
Open List after remove its front node
(9999, 0, 0, 0, 0, NULL) --> (4, 3, 19, 30, 49, 2) --> (5, 3, 19, 30, 49, 1) --> (5, 4, 9, 40, 49, 3) --> (1, 2, 30, 20, 50, 5) --> (4, 1, 53, 10, 63, 5) --> (5, 1, 54, 10, 64, 4) --> (5, 1, 55, 10, 65, 4) --> (5, 2, 46, 20, 66, 4)
 --> (5, 1, 38, 10, 48, 2)
Close list after insert currentNode
(9999, 0, 0, 0, 0, NULL) --> (1, 3, 14, 30, 44, 2) --> (1, 4, 6, 40, 46, 3) --> (2, 2, 28, 20, 48, 4) --> (2, 4, 7, 40, 47, 3) --> (2, 3, 13, 30, 43, 1) --> (3, 5, 0, 50, 50, NULL) --> (4, 2, 24, 20, 44, 1) --> (4, 3, 16, 30, 46, 1)
Open List after remove its front node
(9999, 0, 0, 0, 0, NULL) --> (4, 3, 19, 30, 49, 2) --> (5, 3, 19, 30, 49, 1) --> (5, 4, 9, 40, 49, 3) --> (1, 2, 30, 20, 50, 5) --> (4, 1, 53, 10, 63, 5) --> (5, 1, 54, 10, 64, 4) --> (5, 1, 55, 10, 65, 4) --> (5, 2, 46, 20, 66, 4)
 --> (3, 0, 47, 0, 47, 5)
Printing Visted Ary
vistedAry[0] = 0
vistedAry[1] = 1
vistedAry[2] = 1
vistedAry[3] = 1
vistedAry[4] = 1
vistedAry[5] = 1
Close list after insert currentNode
(9999, 0, 0, 0, 0, NULL) --> (1, 3, 14, 30, 44, 2) --> (1, 4, 6, 40, 46, 3) --> (2, 2, 28, 20, 48, 4) --> (2, 4, 7, 40, 47, 3) --> (2, 3, 13, 30, 43, 1) --> (3, 0, 47, 0, 47, 5) --> (3, 5, 0, 50, 50, NULL) --> (4, 2, 24, 20, 44, 1)
Open list after insert startNode
(9999, 0, 0, 0, 0, NULL) --> (4, 5, 0, 50, 50, NULL)
Open List after remove its front node
(9999, 0, 0, 0, 0, NULL)
 --> (4, 5, 0, 50, 50, NULL)
Printing Visted Ary
vistedAry[0] = 0
vistedAry[1] = 0
vistedAry[2] = 0
vistedAry[3] = 0
vistedAry[4] = 0
vistedAry[5] = 0
Close list after insert currentNode
(9999, 0, 0, 0, 0, NULL) --> (4, 5, 0, 50, 50, NULL)
Open List after remove its front node
(9999, 0, 0, 0, 0, NULL) --> (2, 4, 12, 40, 52, 4) --> (5, 4, 30, 40, 70, 4)
 --> (1, 4, 10, 40, 50, 4)
Close list after insert currentNode
(9999, 0, 0, 0, 0, NULL) --> (1, 4, 10, 40, 50, 4) --> (4, 5, 0, 50, 50, NULL)
Open List after remove its front node
(9999, 0, 0, 0, 0, NULL) --> (2, 3, 17, 30, 47, 1) --> (2, 4, 12, 40, 52, 4) --> (5, 3, 23, 30, 53, 1) --> (5, 4, 30, 40, 70, 4)
 --> (3, 3, 16, 30, 46, 1)
Close list after insert currentNode
(9999, 0, 0, 0, 0, NULL) --> (1, 4, 10, 40, 50, 4) --> (3, 3, 16, 30, 46, 1) --> (4, 5, 0, 50, 50, NULL)
Open List after remove its front node
(9999, 0, 0, 0, 0, NULL) --> (5, 2, 25, 20, 45, 3) --> (2, 3, 17, 30, 47, 1) --> (2, 4, 12, 40, 52, 4) --> (5, 3, 23, 30, 53, 1) --> (5, 4, 30, 40, 70, 4)
 --> (2, 2, 23, 20, 43, 3)
Close list after insert currentNode
(9999, 0, 0, 0, 0, NULL) --> (1, 4, 10, 40, 50, 4) --> (2, 2, 23, 20, 43, 3) --> (3, 3, 16, 30, 46, 1) --> (4, 5, 0, 50, 50, NULL)
Open List after remove its front node
(9999, 0, 0, 0, 0, NULL) --> (5, 2, 25, 20, 45, 3) --> (2, 3, 17, 30, 47, 1) --> (2, 4, 12, 40, 52, 4) --> (5, 3, 23, 30, 53, 1) --> (5, 4, 30, 40, 70, 4)
 --> (5, 1, 33, 10, 43, 2)
Close list after insert currentNode
(9999, 0, 0, 0, 0, NULL) --> (1, 4, 10, 40, 50, 4) --> (2, 2, 23, 20, 43, 3) --> (3, 3, 16, 30, 46, 1) --> (4, 5, 0, 50, 50, NULL) --> (5, 1, 33, 10, 43, 2)
Open List after remove its front node
(9999, 0, 0, 0, 0, NULL) --> (2, 3, 17, 30, 47, 1) --> (2, 4, 12, 40, 52, 4) --> (5, 3, 23, 30, 53, 1) --> (4, 0, 63, 0, 63, 5) --> (5, 4, 30, 40, 70, 4)
 --> (5, 2, 25, 20, 45, 3)
Close list after insert currentNode
(9999, 0, 0, 0, 0, NULL) --> (1, 4, 10, 40, 50, 4) --> (2, 2, 23, 20, 43, 3) --> (3, 3, 16, 30, 46, 1) --> (4, 5, 0, 50, 50, NULL) --> (5, 2, 25, 20, 45, 3) --> (5, 1, 33, 10, 43, 2)
Open List after remove its front node
(9999, 0, 0, 0, 0, NULL) --> (2, 3, 17, 30, 47, 1) --> (2, 4, 12, 40, 52, 4) --> (5, 3, 23, 30, 53, 1) --> (4, 0, 63, 0, 63, 5) --> (5, 4, 30, 40, 70, 4)
 --> (2, 1, 35, 10, 45, 5)
Close list after insert currentNode
(9999, 0, 0, 0, 0, NULL) --> (1, 4, 10, 40, 50, 4) --> (2, 1, 35, 10, 45, 5) --> (2, 2, 23, 20, 43, 3) --> (3, 3, 16, 30, 46, 1) --> (4, 5, 0, 50, 50, NULL) --> (5, 2, 25, 20, 45, 3) --> (5, 1, 33, 10, 43, 2)
Open List after remove its front node
(9999, 0, 0, 0, 0, NULL) --> (2, 3, 17, 30, 47, 1) --> (2, 4, 12, 40, 52, 4) --> (5, 3, 23, 30, 53, 1) --> (4, 0, 63, 0, 63, 5) --> (5, 4, 30, 40, 70, 4)
 --> (4, 0, 47, 0, 47, 2)
Printing Visted Ary
vistedAry[0] = 0
vistedAry[1] = 1
vistedAry[2] = 1
vistedAry[3] = 1
vistedAry[4] = 1
vistedAry[5] = 1
Close list after insert currentNode
(9999, 0, 0, 0, 0, NULL) --> (1, 4, 10, 40, 50, 4) --> (2, 1, 35, 10, 45, 5) --> (2, 2, 23, 20, 43, 3) --> (3, 3, 16, 30, 46, 1) --> (4, 0, 47, 0, 47, 2) --> (4, 5, 0, 50, 50, NULL) --> (5, 2, 25, 20, 45, 3) --> (5, 1, 33, 10, 43, 2)
Open list after insert startNode
(9999, 0, 0, 0, 0, NULL) --> (5, 5, 0, 50, 50, NULL)
Open List after remove its front node
(9999, 0, 0, 0, 0, NULL)
 --> (5, 5, 0, 50, 50, NULL)
Printing Visted Ary
vistedAry[0] = 0
vistedAry[1] = 0
vistedAry[2] = 0
vistedAry[3] = 0
vistedAry[4] = 0
vistedAry[5] = 0
Close list after insert currentNode
(9999, 0, 0, 0, 0, NULL) --> (5, 5, 0, 50, 50, NULL)
Open List after remove its front node
(9999, 0, 0, 0, 0, NULL) --> (2, 4, 10, 40, 50, 5) --> (1, 4, 13, 40, 53, 5) --> (4, 4, 30, 40, 70, 5)
 --> (3, 4, 9, 40, 49, 5)
Close list after insert currentNode
(9999, 0, 0, 0, 0, NULL) --> (3, 4, 9, 40, 49, 5) --> (5, 5, 0, 50, 50, NULL)
Open List after remove its front node
(9999, 0, 0, 0, 0, NULL) --> (2, 3, 16, 30, 46, 3) --> (2, 4, 10, 40, 50, 5) --> (1, 4, 13, 40, 53, 5) --> (4, 4, 30, 40, 70, 5)
 --> (1, 3, 15, 30, 45, 3)
Close list after insert currentNode
(9999, 0, 0, 0, 0, NULL) --> (1, 3, 15, 30, 45, 3) --> (3, 4, 9, 40, 49, 5) --> (5, 5, 0, 50, 50, NULL)
Open List after remove its front node
(9999, 0, 0, 0, 0, NULL) --> (4, 2, 25, 20, 45, 1) --> (2, 3, 16, 30, 46, 3) --> (2, 4, 10, 40, 50, 5) --> (1, 4, 13, 40, 53, 5) --> (4, 4, 30, 40, 70, 5)
 --> (2, 2, 22, 20, 42, 1)
Close list after insert currentNode
(9999, 0, 0, 0, 0, NULL) --> (1, 3, 15, 30, 45, 3) --> (2, 2, 22, 20, 42, 1) --> (3, 4, 9, 40, 49, 5) --> (5, 5, 0, 50, 50, NULL)
Open List after remove its front node
(9999, 0, 0, 0, 0, NULL) --> (4, 2, 25, 20, 45, 1) --> (2, 3, 16, 30, 46, 3) --> (2, 4, 10, 40, 50, 5) --> (1, 4, 13, 40, 53, 5) --> (4, 4, 30, 40, 70, 5)
 --> (4, 1, 34, 10, 44, 2)
Close list after insert currentNode
(9999, 0, 0, 0, 0, NULL) --> (1, 3, 15, 30, 45, 3) --> (2, 2, 22, 20, 42, 1) --> (3, 4, 9, 40, 49, 5) --> (4, 1, 34, 10, 44, 2) --> (5, 5, 0, 50, 50, NULL)
Open List after remove its front node
(9999, 0, 0, 0, 0, NULL) --> (2, 3, 16, 30, 46, 3) --> (2, 4, 10, 40, 50, 5) --> (1, 4, 13, 40, 53, 5) --> (5, 0, 64, 0, 64, 4) --> (4, 4, 30, 40, 70, 5)
 --> (4, 2, 25, 20, 45, 1)
Close list after insert currentNode
(9999, 0, 0, 0, 0, NULL) --> (1, 3, 15, 30, 45, 3) --> (2, 2, 22, 20, 42, 1) --> (3, 4, 9, 40, 49, 5) --> (4, 2, 25, 20, 45, 1) --> (4, 1, 34, 10, 44, 2) --> (5, 5, 0, 50, 50, NULL)
Open List after remove its front node
(9999, 0, 0, 0, 0, NULL) --> (2, 1, 37, 10, 47, 4) --> (2, 4, 10, 40, 50, 5) --> (1, 4, 13, 40, 53, 5) --> (5, 0, 64, 0, 64, 4) --> (4, 4, 30, 40, 70, 5)
 --> (2, 3, 16, 30, 46, 3)
Close list after insert currentNode
(9999, 0, 0, 0, 0, NULL) --> (1, 3, 15, 30, 45, 3) --> (2, 3, 16, 30, 46, 3) --> (2, 2, 22, 20, 42, 1) --> (3, 4, 9, 40, 49, 5) --> (4, 2, 25, 20, 45, 1) --> (4, 1, 34, 10, 44, 2) --> (5, 5, 0, 50, 50, NULL)
Open List after remove its front node
(9999, 0, 0, 0, 0, NULL) --> (2, 1, 37, 10, 47, 4) --> (4, 2, 28, 20, 48, 2) --> (2, 4, 10, 40, 50, 5) --> (1, 4, 13, 40, 53, 5) --> (5, 0, 64, 0, 64, 4) --> (4, 4, 30, 40, 70, 5)
 --> (1, 2, 23, 20, 43, 2)
Close list after insert currentNode
(9999, 0, 0, 0, 0, NULL) --> (1, 2, 23, 20, 43, 2) --> (1, 3, 15, 30, 45, 3) --> (2, 3, 16, 30, 46, 3) --> (2, 2, 22, 20, 42, 1) --> (3, 4, 9, 40, 49, 5) --> (4, 2, 25, 20, 45, 1) --> (4, 1, 34, 10, 44, 2) --> (5, 5, 0, 50, 50, NULL)
Open List after remove its front node
(9999, 0, 0, 0, 0, NULL) --> (2, 1, 37, 10, 47, 4) --> (4, 2, 28, 20, 48, 2) --> (2, 4, 10, 40, 50, 5) --> (1, 4, 13, 40, 53, 5) --> (5, 0, 64, 0, 64, 4) --> (4, 4, 30, 40, 70, 5)
 --> (4, 1, 33, 10, 43, 1)
Close list after insert currentNode
(9999, 0, 0, 0, 0, NULL) --> (1, 2, 23, 20, 43, 2) --> (1, 3, 15, 30, 45, 3) --> (2, 3, 16, 30, 46, 3) --> (2, 2, 22, 20, 42, 1) --> (3, 4, 9, 40, 49, 5) --> (4, 1, 33, 10, 43, 1) --> (4, 2, 25, 20, 45, 1) --> (4, 1, 34, 10, 44, 2)
Open List after remove its front node
(9999, 0, 0, 0, 0, NULL) --> (4, 2, 28, 20, 48, 2) --> (2, 4, 10, 40, 50, 5) --> (1, 4, 13, 40, 53, 5) --> (5, 0, 63, 0, 63, 4) --> (5, 0, 64, 0, 64, 4) --> (4, 4, 30, 40, 70, 5)
 --> (2, 1, 37, 10, 47, 4)
Close list after insert currentNode
(9999, 0, 0, 0, 0, NULL) --> (1, 2, 23, 20, 43, 2) --> (1, 3, 15, 30, 45, 3) --> (2, 1, 37, 10, 47, 4) --> (2, 3, 16, 30, 46, 3) --> (2, 2, 22, 20, 42, 1) --> (3, 4, 9, 40, 49, 5) --> (4, 1, 33, 10, 43, 1) --> (4, 2, 25, 20, 45, 1)
Open List after remove its front node
(9999, 0, 0, 0, 0, NULL) --> (4, 2, 28, 20, 48, 2) --> (2, 4, 10, 40, 50, 5) --> (1, 4, 13, 40, 53, 5) --> (5, 0, 63, 0, 63, 4) --> (5, 0, 64, 0, 64, 4) --> (4, 4, 30, 40, 70, 5)
 --> (5, 0, 47, 0, 47, 2)
Printing Visted Ary
vistedAry[0] = 0
vistedAry[1] = 1
vistedAry[2] = 1
vistedAry[3] = 1
vistedAry[4] = 1
vistedAry[5] = 1
Close list after insert currentNode
(9999, 0, 0, 0, 0, NULL) --> (1, 2, 23, 20, 43, 2) --> (1, 3, 15, 30, 45, 3) --> (2, 1, 37, 10, 47, 4) --> (2, 3, 16, 30, 46, 3) --> (2, 2, 22, 20, 42, 1) --> (3, 4, 9, 40, 49, 5) --> (4, 1, 33, 10, 43, 1) --> (4, 2, 25, 20, 45, 1)
